1000
1.397200411771881
1.0172838146155219
0.983416988732888
0.6455998009444254
0.47911225241063743
0.9924114882219958
1.4252536509610219
0.740969979977027
1.4260986571577123
0.8310663712757295
1.400745315366462
1.4799228360881098
0.9432875995854906
0.9950889887834097
0.6380922514220061
1.0070031466178209
0.5412256112320285
1.170583367717626
1.2550683477189641
0.6794305144862554
1.3175219685688067
0.5910403102433962
1.0125632985453545
0.7289819347548959
0.6134583343145451
1.2276495658766726
1.2500976491856979
0.5535179229357711
1.0166149342018038
0.724612876286961
1.1986540387799147
0.9617096328009984
0.4965079517967944
0.535708349209921
1.1130413828288035
1.3581393469656264
0.6849419525209365
1.3329526784299046
0.8078162642103394
0.9182129606789026
1.376320052020827
1.2316743057337125
1.2604605932307784
0.5509427667374065
1.0986614900874128
0.9091623685167165
1.091987642838752
1.4264619521534585
1.248168112394376
0.8945229155285341
1.397397663282535
0.5867659056615321
0.6877205503704584
1.202927009131264
0.9717332130103931
0.6934562417652449
1.2166318804666403
1.119190332732519
1.0147955208939354
0.6621967494486765
1.3704539626117598
1.3862419022859396
1.1436378920664436
0.7006155532339007
0.6179452909956947
1.2257099104402203
0.45713439612220735
1.337940911843392
1.2840514206693174
0.9839850800484393
1.2607646403106156
0.9818914016524335
0.5545753167460069
1.1995415290873526
1.229601450717691
1.4083994961127957
0.797050269685244
1.0419096466423163
1.3312520760670459
0.7930645904302039
0.9427074683946794
1.296147897998782
1.1404784562512142
0.8386431644047526
0.534240213203079
0.5479624482890466
0.5956379653956214
1.2515558989277653
1.4402105459910866
1.4434338893515637
1.1225480433939468
1.2978298738182314
0.8113033603384071
0.8992037719610038
1.3133689056742384
1.3315647290729464
1.141517491199547
0.5721175395904032
1.5105148922588798
0.5496982751995657
0.5299083457101078
0.4972024383304179
1.4382487280253582
0.6711050038849478
1.147351848075589
0.8805417913992374
0.5077259186060212
1.077862897760468
0.9976476194963442
1.0662579547535607
1.4175432826262733
1.313025895463169
1.406817957572264
1.2003835326623398
1.4349501303829382
1.319205493971645
1.301000855036345
0.8194559793763707
1.0543709632753058
0.917996937983012
0.7684149171903165
1.0907672044211492
1.2804293896004102
0.919065908777853
1.3731108285159674
1.107499160790619
0.47680375623824883
0.8752111081183498
1.1831392731828014
1.2109871373086623
0.5123031044632824
1.4265328293782378
0.5924420363026022
1.4741365461708384
1.0156110151431035
1.2405650587706383
1.1115949922810997
1.1599210315741089
0.8040176259794051
0.4896834024492748
1.0238245254016725
0.5102917748754823
1.3096726934204754
1.007010661664801
0.7608855125824959
1.0350856465439673
0.7233266278810164
0.9706763742374823
1.4072560951570807
1.433223128190899
0.93418994128517
1.1663712457102633
0.6584142960014021
1.4252115250699111
0.7081506406029409
1.1051136325697457
0.9224901756735888
1.174942464959398
0.8689329135634002
1.3930736557878525
0.5209753608415372
1.2614897925232873
1.4832064518350243
1.3476882659771827
1.5062309399009057
1.4746500485721874
1.2566054357812144
1.4375123726783103
0.7293521795645763
0.8176880728365383
0.6204420256906555
0.9632383816712292
0.9859918634528463
0.5029864745464497
0.710273951254788
0.9318529717641046
1.4463779501705913
1.132894771997252
0.8520625907632948
1.072004780420048
1.223116455346686
1.0141793872163916
0.7770090848397163
0.862032134661074
1.3215835384188923
1.3240804269164117
0.9373780781244417
0.6005125755972618
0.9151906821094309
1.0980502381990043
0.7513872153739023
1.0125739178105282
0.941833554992426
0.7392677591081306
0.8818171343535616
0.5297614280851228
1.0593209552365774
0.8095004095810877
0.5857213711550074
1.194872091981888
1.0548967466569084
0.8053289237612162
1.0909500171391708
1.2635042397963854
1.34780393622757
0.5612638494516498
1.2712779323099415
1.3390336010002897
0.7980943262900858
1.2539811169153567
0.8861930869984579
0.6261503891199429
1.1165734862924594
0.9239879522112232
0.5986087780182404
0.8136528372622931
0.7865978990548574
0.5623879473277636
1.3281176493047464
1.1872174376371674
1.4491995484291502
0.9991623532230214
1.405881395479996
0.9795640307576491
0.8482048345598868
1.2137135180305463
0.8734535889486507
0.7406678292811657
0.9498253101052316
0.5809848974273009
0.5461107516087461
1.0138929918150072
0.7557899571225162
0.4705247646041255
1.2696318704219138
0.5330282850755682
1.0990520819289409
0.854428724980679
0.4983097573136097
1.2339390890070132
0.956198044327494
1.1687374245641886
0.6940070842893565
0.8059391372032736
1.1792937495014084
1.0646006549664446
1.1284261222947773
0.5909091921046108
1.2590535118366195
0.7280298903322624
0.7678729080248206
0.5523028607635877
0.7249594133193118
0.9080249712359568
0.7125100899811976
1.409652286046331
1.3424056825748718
0.8108427420458572
0.5309400994388013
1.273365310008509
0.8772165013421523
0.5497733403419045
1.3200010536609792
1.105453010778988
0.8181846134708955
1.4617104388201638
0.7764794037629057
0.8474104105235125
1.4285820705108119
0.5079816742370072
0.7147897622277486
0.5014171519582779
1.0001587612008915
0.49493361939523883
0.5854444908175658
1.147949077415561
1.4694361876917161
1.3638259628587404
0.9216773725756843
1.2269540971291337
0.8928686201552855
1.3803649622377878
0.5926045450737454
0.610448563426111
0.5352415446929729
0.7322253113664842
1.4980484337718885
0.8205094267131268
1.4548440023520786
1.4533684518664687
1.300942724899219
0.560097487993432
0.5011942821792701
1.406581987889362
0.5410284106262576
0.5640875249585711
0.5235355682125301
0.5881975295857328
1.2400266874782813
1.459125145239038
0.7918311822139109
0.8643682487564646
1.1123878554109978
0.6685834123738957
1.2070262929431643
0.9153592411411352
0.8473119284649668
0.8282672415250378
0.6754166053122982
0.7452709874706865
1.4069894874366036
0.7705480548212418
1.0701347122140916
1.3344433404220062
1.0072795387560214
1.2275022486996126
1.3801929256256489
1.4870525525124445
1.041316075403647
1.4845951066864544
1.0346495058659573
0.7745454263263931
0.7024676481457807
0.7844848503024601
0.4915661541004895
1.276121458382387
0.7722913266835878
1.3685805536725861
1.1883641831193945
1.2006727675051436
1.2421725108008115
1.213437507031147
0.8839444320771367
0.5638072538284843
1.256162378747708
0.7358631568039756
0.9180014474232308
0.7468293042669867
1.3387461074727116
1.216543167692366
0.9554550129247329
1.0143852288217297
1.3078777459221718
0.8911125905074471
0.7442825518258264
0.5121512118472554
0.9883690298980182
0.607998582181209
0.4898576577398164
0.6803497029990266
0.8064004469024609
0.7772138041830491
0.753500101854688
0.62082059571407
1.2795520586497917
1.2352833238322818
1.1991642289410276
0.9081252492143989
1.1938279352685166
0.6300262387029383
1.2602835706771138
0.9787183105708253
1.0629362142874252
0.9004194428363159
0.8629053591081787
1.1579147350980175
1.324277620720845
0.7988734312372869
0.5115206355882754
1.2973797391072386
1.5135381463684294
1.2332942817494161
1.1996709369176015
1.010617482045266
0.6903136849696823
0.6279985006534352
0.7961725513531126
1.1410553397655847
0.5372088041214907
1.0040691613558412
0.8513976616023405
0.9303779982244746
0.7237320620253375
0.7316580819871984
1.1486886555438383
1.1991807802577186
0.593823090079132
0.9712121831225421
1.1995637525535596
0.5020107851481357
1.1628703493390689
0.5322540765176367
0.7406001302506938
1.2423991618787553
1.2758741493941883
1.4099151896374786
1.387305310874841
0.7659822359072274
1.3760839564939127
1.4937793518838165
1.1006304817044001
0.9944503427122842
1.3406996599625223
0.6810978042009521
1.3595584817154172
1.4375357869860166
1.3302300538874356
1.3239959716650191
0.7504239606786899
1.0829518978884116
0.526789021015724
0.6039634567529106
1.11383872366052
0.5322481972225754
0.7042991486112591
1.1660870651636484
0.9175418240064701
1.100664946065908
0.980808329257419
1.1668581932338102
1.1031486163867439
1.3582226749647865
0.8963521054360201
0.9058809769023726
0.8412892857977922
1.3056537049801926
0.7118467739661799
0.5766841561537881
1.2446765680650527
1.4188087162778469
0.9367181773769482
1.4737867659628783
1.0811269137625727
0.5681373634706327
1.3053778333943376
0.6002860302667139
0.9717967865452959
0.8805611180472986
0.6868073211996029
1.4034946736485798
0.6870295088698195
1.0847639315369308
1.354252241664021
0.7433014552890694
1.318911931022264
1.1763548819647298
1.2890248431339322
0.7425145702233336
0.9887825098318014
1.4760983553650764
0.7192383177925018
0.6826516687041688
1.1668089470016896
1.4411101892158946
0.7853176673916709
0.5963663517951491
0.8069234389065366
0.7456529738574579
0.5834390810610003
0.8100697388242969
0.8126103397856149
0.6147143845981962
0.6660808426691303
0.9766340076482827
1.3603689553713365
1.4737329737151366
0.8388885024987415
1.2505540002266373
0.9086598526892399
0.7153196163417647
0.9799516457491694
1.3814365107343458
0.6107548722792782
1.2599412502740739
0.5991722807791935
1.189191226174373
1.0983932538403347
1.3187164343712856
0.9898570359461317
0.7418924070968864
0.9895590840715309
1.35655103587295
1.4472323000209677
0.9038459577742759
1.48999900118419
0.9736550712952426
1.220402429642769
1.0623264183685717
1.3053446916980198
0.7566586788462051
0.9341962788409113
1.204106267522842
0.5310951691425538
0.46876248017087024
0.9600709104144527
1.1404863465428405
1.321688069497381
0.5800026205604497
0.8683770074367713
1.4367884190376021
1.1672294469995814
0.7321536280089761
0.9638666500121617
1.3096438794067207
0.5748137929712848
0.9316235649577025
0.7544199783022342
1.2990906808483949
0.5258510588095945
1.2274944276807713
0.46712801399398396
1.4963618301408679
0.6218981932594296
0.8649513496539956
1.4834090912562927
1.15029182240852
1.1383045685887896
0.7682540804080069
0.75944581544378
0.856248876458973
1.1877415328148473
0.5868373357921083
0.593494450939303
1.261821773232297
1.464975317428598
1.0395551693860532
0.9102414434943797
0.8164739938880878
0.5680156761613325
0.9987341908597217
1.426183907051671
1.3391357604445524
0.6723077458232344
1.2882107244663086
1.2477095025566989
0.9511187964199831
1.319235792548669
1.3386670679644757
1.1454012529855069
0.8094869987895137
1.3738738723259467
1.4408404604197398
1.018747151154112
0.7887380065865687
1.3798047200590573
1.4050215602387124
0.924019126178635
1.4249854807929154
0.7438061884329619
0.8815016904369154
0.7676894318149494
1.3595227959789922
1.0645630878998422
1.354401877722825
1.1135382786133672
1.214651993642889
0.8336198488432549
1.4369170885083078
1.372841147889047
0.5489867513455301
0.7563025617755634
0.5576062392083644
0.9457910594997933
0.9401243599054258
0.790657050432461
0.5296124080774736
0.6399845735216169
1.113020799816763
0.9168798083063261
0.5366072717301368
0.6651812425401851
0.525207301640009
0.6755890786448957
1.2014981597121461
1.4236649596891042
1.4718494564722713
0.9303379794757488
0.653393213712597
0.9054493800003309
0.8145001136160686
1.2009515013473828
0.7708665994673379
0.7438698419621016
0.8866527228437894
0.5020430493415118
1.0533724878006152
0.7633078194967537
1.0396459289888187
0.5889591986099868
0.8156503862079171
0.864722786432781
1.4030334502520647
1.2083206640887254
0.777274866221395
1.0858333448749733
0.6328855502178169
0.6391371710652819
1.276853054018061
0.7790509350345977
1.2501992901413115
1.3422876368750434
0.8645145945935457
0.6368270594333327
0.6539763637924061
1.1625584969933271
0.7175821019279411
1.1675911332050215
0.7003477632364467
0.876635670642928
0.6713739743492574
0.618255216237874
1.050200727614344
1.5298313598519802
1.421151695392988
0.8499027476896455
1.0724981858166829
0.7893351534188204
1.3828174905538764
0.8120255293580265
1.3327161529081126
0.9957253419983507
0.8395296632367866
0.8324099620077385
0.5115917101311713
0.8708752633165256
0.6023031378060688
0.8425049286339408
0.994460538563651
0.7922914031657897
0.6154888306557327
1.2656890701408845
0.7808309583704499
1.1744065026533332
1.3646912892998613
1.023043091435554
1.29607486482104
1.1576548171483452
1.1630483306261925
0.6321171464307966
0.8593141785200293
1.423220328378321
0.9593049220552852
0.7702414747125637
0.5279253114977475
0.6505979933328928
0.5667879511700342
0.8706708895781622
1.261908563707218
1.2818618750587576
0.5067672872482432
1.14955102699326
0.929374877593593
1.2002255558287345
1.5165137434560219
0.7697032951071797
0.6141744141172066
1.206420166659926
0.9147654343866698
0.5399685548815473
0.641042193440222
0.8096469332964561
1.1568506448400937
1.0435105530429125
0.5316970010878003
1.4666407732251687
0.6930306352741925
1.0016454072009526
1.0867667354251185
0.5734219556066651
0.869994988207276
0.5319286587021769
0.696745168161527
1.0750645513480386
1.0184546104110297
1.1645819436645923
0.6749963625085234
1.1536111726988512
1.3328310300980992
1.1394491165230645
0.5926119553409381
1.4688815435370397
0.5163500064719657
1.1368657604275376
1.3905462299001303
0.516105920760213
1.369665522631179
0.9255752129588869
1.435427913480499
0.7121364291743172
1.1026966075424673
0.6168222488291112
0.5311860276169705
0.5916988635257728
1.218117024349186
0.7141274488792297
0.7696384570883129
1.4500193206932745
1.1982428908682807
0.8019803299563174
1.1794372132708626
0.7579313708974825
1.2776399362808113
1.0255612169886827
1.0360506162483902
0.9836456419771986
1.2229969230038735
0.8764579017846948
0.6936446833068458
0.7463238593992687
1.04683904392351
1.2484728530005846
0.8284892620332408
1.2632856005404303
1.4123828201638151
1.3403607079245843
1.410268418137334
1.2777121740268074
0.8981815189143485
0.7919044650145711
1.3501173308686072
1.20029566578155
1.0631019345209667
0.9640054384406563
0.6404144006114436
0.8731878809881726
1.0882713369336803
1.3793701530465026
0.8681581432350031
1.2984855058115252
1.436328193298505
0.4869806756745667
0.6369040501240509
1.3493400602797319
0.5143930148326059
0.9001615717037258
0.5269017561310145
1.3511167309081238
1.1434234980565066
0.7041095659416894
1.1500751254601078
0.5486290817703394
1.45383336175844
0.659857882323581
1.1103323889097856
0.9359381022552055
1.2051157450394827
0.6142780435214573
0.5342383926766069
0.9908719892092591
1.3641843422897348
0.7306846019550699
1.2086804112994785
1.0217594403940684
0.704443249824471
1.4449821713043836
0.826184396221679
0.6610231365488732
1.022772748849483
0.8384551457026668
1.1577839467413378
1.4377513229895145
0.7578504578863446
1.0838180245216096
0.9012719198594424
1.4770981614949497
0.7920320305428074
1.3667006172458018
0.7453317169207287
1.1397420505464197
1.2471523442502788
0.775981283011317
0.9179002946697086
0.8454250140217936
0.5684001998258117
1.4780202129143805
1.4023935364106792
0.585131007720316
0.7128395226176845
1.4371961155213444
1.4173789634543736
0.9742511337248585
0.9608404291179261
1.3262869820392227
1.1345087186953373
0.6592975701980213
1.138426813946387
0.8122223394001998
0.9727110413843757
1.2973996942247283
1.3183962481949512
1.5062330399932347
1.1777789348862513
1.2572076140644197
0.5849078621698268
0.7399861452123511
0.7566031304779645
1.2028826154839936
1.2773050905296868
1.0892573696378205
0.8368247719015595
0.6021992465104408
1.4975138868752467
0.7119812891568472
1.2801046590863703
1.2532780268092174
0.7016536819353083
1.0367018076845622
1.453274858778465
1.2221239375701973
1.0649312624115692
0.9201536917163614
0.48064782065848916
0.7864528160465241
0.821326832578931
0.807084011631394
0.714795279429569
1.264276069159269
0.5362182539105437
1.463987180615856
1.213585353391464
1.1392947503014064
0.7833216777797188
0.8065811411960222
1.0705698608455991
0.9621892759607251
1.3639045187531693
1.2483733357733904
1.1257930810341572
1.286164070498371
0.6869665074181196
0.5154069317725654
0.6567140820416772
0.7595814331815932
0.8957241887302365
1.1312646622372777
1.0758152780634167
0.7694452172484009
1.3569918674652561
0.9706421225827279
0.7275543379265108
0.8724748553618555
1.4579268131320762
1.4346596494466937
0.7861323215087103
0.9927382504763005
0.8445699135564121
0.5193275497983922
1.2022539745071732
0.6254020321061187
1.0252699115292465
0.9531472863446466
1.018479022599952
1.1131492736489061
0.9583674120475325
0.8534403099043388
1.0643334663123847
0.6381818305773475
0.44355545012560754
1.446006588787252
1.3093471917379036
0.7429286509699488
1.1242595885797901
1.095188903991648
1.1093688818180563
1.4064049220206283
0.9631273552824093
0.9047352144012099
1.1338502538197477
0.6354218060505291
1.3220727923296862
1.1730667412749747
1.5273608714626037
1.081805519410069
0.6853503058101034
1.0351568396053679
1.0998566735438664
1.3547576596106767
0.5579631199172818
1.328793326906111
0.6181516136232509
1.4647528793146452
0.7930390981811015
1.2616283169603733
0.50512248120748
1.269493330346476
0.8875745650563714
1.2139150487074428
0.8831518551157677
0.8493031052021156
0.9636603367175497
1.2229944422089443
1.373780899609002
1.303662028220608
0.47981654788370753
0.8660860038243036
1.2332542399034077
0.7795066482007926
0.7398239399320158
1.1982194291726287
0.5715530703102015
0.7529445272437606
1.2869970723937825
1.198000108895127
0.6258833808967759
0.7106214704713844
0.9222723476579401
1.0908766360477642
1.3452389806707208
0.9540605397971372
0.8428690414487388
0.9741881110969427
0.6455455198883306
0.7200575204341056
0.7883465767524356
1.4607124172630652
1.1079027050138834
1.149513038222289
0.7248234835218273
1.397534473959314
1.2453772714227571
0.7022831791064267
1.2221488229612976
1.0089756716738103
0.6477917294749433
0.4921525845892143
1.0247036762840296
1.1323960001282138
1.206894357432542
1.1023382847943575
0.6828162325845143
1.0953755178140752
1.084727204414905
0.525828090110821
0.5503080210484182
0.8924893620720316
0.7101176250095679
0.8020162181131705
0.8662668317651115
1.4108041475674051
1.159818071573754
0.6071041939888288
0.8971548756249823
0.5887277954872026
1.409213714235784
0.9554467434042637
0.5477474847238144
1.226128996215042
0.674263135137724
1.0872182055371342
0.6325054723862223
0.6586960716907203
1.0166437590002686
1.05268257527383
1.103231511332176
0.8853463860828714
0.8222153839586391
1.152616947739363
0.9386807869854968
1.2180985646195441
0.4616693500241195
1.2439056032599967
0.7782790456981559
1.2099825997209703
1.393734329651687
1.137725004944614
1.1317393730207022
0.7076797370357347
0.6231096688135945
1.073062708669746
0.9030280847527258
0.5957007260263979
0.9748748859529258
1.1838306660352222
0.6093100939659585
1.301795072446824
0.5707917346947287
0.6786491759414358
1.3204033283607752
1.2621583598444766
0.7037841184425057
0.5660224200204128
1.3045295100545675
1.0687713081073462
0.8873090530857097
1.2250220986849303
1.4278652798880733
1.2729116979221704
0.4646423527431939
1.2781880180036234
1.4598927391804895
1.2106240263275736
0.921266315679705
0.8912618053731101
0.6039630415694145
1.023941958449344
1.030365528796548
1.0469296492463829
1.2265836948065376
0.7188026535747137
1.2231430476482659
