1000
0.94449040198082979
0.53823984919657775
0.52594933594553994
0.11783345502821363
0.01525872897832686
0.53414380939435335
0.89541149634397632
0.29001889550526616
0.98978902348046305
0.33637607326758456
0.95357572968111637
0.93885200152876314
0.46942859290062944
0.50156682944544939
0.11142931703768633
0.52683719136245577
0.08936402749924127
0.68078434941810695
0.71537096249946097
0.17974453801401974
0.84491091518694916
0.06909009200967808
0.49420419840166763
0.26105173566537399
0.16464855608671658
0.73936261379551782
0.72845694753086221
0.07757095623148530
0.53667965541078178
0.27612118112802664
0.73835508200602451
0.46442658274243187
0.09365474939885904
0.02094738221698700
0.59554648929625464
0.86609278958070335
0.22677961336917207
0.86206616078248433
0.30152967382934004
0.41800535565152008
0.89658599586345811
0.70226437957834797
0.75372819251627854
0.06804433040129182
0.60211145087822204
0.45330926090318152
0.58800271253982428
0.98188762105925476
0.75647676610328762
0.37932870175858924
0.90391252792782129
0.13322512264819775
0.22010230547784454
0.69410544862194234
0.45752550054593322
0.23531632731779883
0.75261794632983503
0.60985340560478396
0.52859087918867564
0.15694240731931342
0.86009997096153334
0.86590503419388321
0.62385588411123971
0.22246748270490191
0.09934798717601445
0.73497090997011760
0.01612984337216999
0.89443272548452635
0.76474292953011935
0.48131599611131837
0.75214148650603152
0.50831084833304185
0.04440925652481809
0.72264015689298478
0.72326563841879388
0.92729405915312602
0.35394271629711954
0.48430401373837217
0.83720364462857466
0.30088394117837974
0.48662375526216517
0.77365481790742452
0.70865210188451055
0.34779725088379598
0.02113876736645248
0.05074020571676569
0.11767823792321602
0.80354345976517505
0.93534389984726996
0.94963799625985978
0.68386632851225682
0.77816139892174985
0.32789109077654938
0.39669078491662602
0.81221348710282604
0.82262226315587650
0.62735245813914886
0.05179246838810669
0.98416028105026421
0.07327603035210395
0.00555088015571026
0.00680213841780702
0.88858366527115917
0.25774870792572296
0.68756788363256338
0.38657230804756787
0.04825386220570682
0.56713025108181725
0.55828830363483717
0.57904838604786613
0.88549791560739577
0.82374163039620085
0.92201878640835355
0.70841755534172868
0.95527928977026078
0.84964272569271793
0.81048484296981349
0.35304494002184467
0.55277024842593347
0.41887031774434275
0.28060023493785985
0.64292735413549496
0.80455382535352604
0.45892302590691658
0.86808380395602458
0.54573558300060687
0.00835427540284317
0.40485213913086904
0.70054791229127589
0.67511359960087436
0.03305533238421293
0.96791102612968904
0.07473126120007767
0.98657756298263921
0.55254864473488907
0.75744198468080648
0.59203424149799511
0.66499626449734406
0.31048428641968717
0.05533882022352754
0.50728192961379082
0.01116546480782094
0.84106445461549151
0.52819444362081835
0.25240969028345128
0.59955348187717650
0.19607483260412084
0.48492298033712378
0.88265019581020832
0.97955742180955463
0.47366000835799660
0.69281699904759053
0.14857942938083091
0.96795757011734496
0.22376909132752476
0.61188961177974754
0.43912278231102886
0.73740420351743308
0.37279565297087830
0.90304198343954734
0.01831090953192471
0.77813885312121067
0.97550425410890329
0.84810642316878559
0.98394097244595025
0.99348235416155517
0.76671743805140291
0.91297927169525905
0.25196265398188866
0.33821428730325936
0.12121285137582954
0.47744214595432927
0.50410069742963959
0.05477075701421469
0.12738177833797071
0.42001745231281884
0.93555068656339146
0.63805088290987966
0.34409544134713355
0.55448841325852682
0.74896895782902706
0.56145431056915396
0.20412565899038226
0.35133047445586651
0.84968488235072670
0.84422738941897035
0.42978374755812432
0.06104841529261051
0.45765498209127664
0.63624795646319843
0.22947080000137543
0.50323294411131203
0.40100466073691021
0.27769622802795424
0.36000261001108458
0.03904807615754169
0.58641182192630326
0.29882706626880673
0.06627598447301108
0.69942767425252605
0.60938263808381876
0.38623429436985862
0.60144696573989909
0.77703391450037684
0.84424712627890308
0.02293692984699280
0.79451878381869834
0.92182821153107464
0.32448805513428991
0.78769018203863239
0.37953186492970592
0.16249935439970892
0.60323891945492747
0.44300175426716953
0.09793784566881170
0.26479337080205700
0.30429753681154470
0.05384303609813512
0.72834803092784572
0.67315872465824378
0.96754820565137634
0.45731918431532370
0.92133993176895623
0.48861575183815614
0.34438688314009736
0.67466269603990237
0.40669508280759292
0.33625285803375615
0.49527599327381605
0.08656609826556361
0.11739631828262637
0.54148986846990610
0.28624881815592740
0.02726634710265763
0.74063117500245912
0.03215732744178335
0.59399965265533394
0.34946492766246462
0.03516394360441888
0.76195363555995099
0.51168251512733598
0.70795419474511090
0.21324387892732172
0.28920382397707489
0.65800482978049624
0.56054470959744274
0.64630438476914920
0.12460808005617369
0.81149621407692907
0.21564211630368813
0.28770038516399299
0.02625328763743695
0.25686824892488558
0.44905594661064335
0.19253039204141853
0.93841397410658811
0.88275674453406827
0.30934927270922030
0.07951097566819454
0.85508778268807384
0.38003349113399881
0.09837338814887059
0.86094484793655512
0.63441893806292882
0.29232336907749679
0.99903088590034062
0.27430094888842615
0.34299427053334830
0.97569757381809974
0.02272775755651918
0.22241489793473207
0.06407725931210068
0.56257833380718969
0.05336767268284381
0.10180786249011187
0.64871630707173744
0.93885730910741561
0.85864182285446955
0.45607949517440893
0.77063741592740809
0.37833183517763735
0.87149674440780245
0.12661829651414663
0.08461207555919470
0.06457164417828992
0.20869019335979144
0.98891062241930960
0.31596821109151318
0.94760359905116931
0.95586371008414028
0.83660430261080942
0.08256099785181820
0.05054665947117698
0.87943574724944362
0.07048565523771838
0.04894027184500638
0.05623594750496252
0.13653583726212315
0.64629582435694677
0.92294757843195152
0.32200073909636973
0.35270233662443695
0.60107235371920731
0.17602598844204964
0.74202062834056348
0.46399892310516200
0.34953844951338386
0.28240878255461976
0.19882604658095154
0.27470778650913114
0.87536720959377057
0.26432881269228714
0.55299404733329149
0.82905997025496303
0.54159340742519801
0.73199482944400862
0.82662324587054148
0.94387724642602611
0.54289297537378900
0.99287053254032109
0.55907382244496295
0.26124952924180078
0.15935475715430936
0.32338796854892088
0.02956362333485196
0.76564223734987547
0.26626736563974029
0.90346708725591562
0.67586519479348894
0.73880875844579408
0.79290231893199137
0.74566444127677700
0.35860357332988335
0.06870771660485303
0.72298445228655761
0.27000542535667527
0.41191268114964485
0.32321927097100156
0.86808545478944610
0.75494503765686782
0.43691418283368655
0.53393224983925625
0.83279403599610791
0.42834285343299622
0.26660783425394996
0.03460042308916128
0.45954734907120809
0.13536955103440695
0.03984776062421108
0.14935682443360132
0.38592404058181135
0.24966380516658326
0.28563403891668376
0.04117547152667367
0.83163639521913091
0.72065871949835214
0.70942212477597488
0.41666828193209321
0.75455180724202298
0.15221002801094330
0.74731574480689411
0.50838039824498948
0.62015407825402580
0.41129068105552374
0.38387333507758570
0.65286549880895761
0.81379960405882024
0.33004810000627044
0.02414528687685474
0.83510470129270131
0.94367813446324134
0.70012925350567023
0.68902982362784782
0.54737110082505280
0.12856712956112315
0.10637857356637048
0.33431572390896708
0.67419101546994997
0.08447794183321233
0.49635088983842335
0.37917326961844522
0.48398218114698399
0.20477634820864798
0.30826353576490734
0.67963498865320093
0.71832537533873952
0.07750036246329772
0.46891694756934632
0.69801129497387004
0.02859847711425367
0.70741314257089094
0.04164575428631867
0.23053727738635310
0.81585304185601371
0.81200953776353613
0.86662849587810431
0.94830820408879379
0.24741588552800220
0.86299681631232883
0.98982392214935344
0.57856473416655918
0.58932555730182345
0.84756837144104269
0.21772055545887004
0.87698254121417318
0.97063567597291822
0.75784540306591752
0.83255358829276105
0.22006342229971565
0.58212005828380520
0.02672807218184714
0.08312623842107159
0.59350574694064151
0.06467454810865886
0.23094574929988360
0.70788976212193733
0.43282287638576333
0.61000641655848953
0.52261443850459244
0.61949477740017322
0.61663633090244940
0.82056470598644093
0.41189790496328066
0.38172243105458403
0.34502144485672981
0.80795535033102828
0.24022351190025482
0.08458259321882394
0.78416158981011397
0.96194811257521695
0.43931271593695120
0.90691840482773134
0.59989611229595008
0.11794160475644128
0.86827095809156085
0.11219842630766341
0.47665613261059347
0.43726418366585490
0.19278764109269131
0.91850968684648771
0.17902135901455074
0.61993765718032345
0.89298871218862708
0.29508722171113233
0.78852095177183623
0.71702720952871313
0.73618556237974075
0.26846586690193225
0.45539586256228959
0.96668704232675295
0.19012552320550202
0.20584816362504743
0.65514485803937605
0.95959347224504965
0.29396339401465915
0.13667083581623896
0.33974970928985110
0.24185106292568959
0.12085703944566734
0.35493170557739406
0.36677531559392568
0.11584551283566613
0.21743008866159735
0.45310769087916258
0.89069021324656739
0.98402436741197663
0.36999358775000268
0.75324328856158940
0.41421906954278598
0.19407900554756452
0.48488368131575077
0.89054853546703194
0.13354452525998084
0.82577205056547553
0.11331732372051739
0.76453704875460360
0.57709243280620470
0.83176980540805467
0.51264567021617058
0.31410279834285337
0.48450667053239771
0.89427761063727607
0.97860000309351636
0.45792230255990451
0.96945464592430686
0.46793421112103972
0.69343506007401312
0.57680831607562566
0.81548097217204496
0.25563388864426828
0.42375573335672090
0.69197788552500172
0.06666631671766832
0.03886848880327692
0.49358885221976512
0.63846389090448741
0.79387248363147855
0.06465185706832721
0.35282195220184875
0.93064543667040700
0.66670500490847406
0.20312788428080863
0.47650633529917408
0.82301987685766143
0.08869808817434799
0.47731684743248937
0.24099494926858245
0.83331974424193911
0.00942417481770286
0.73990043349642654
0.02420701945711667
0.96861379428413330
0.17130858911974567
0.33071439416502280
0.99669271457450270
0.68333945080609193
0.64051334352205558
0.27861591497900046
0.29091418134329988
0.37206063801423878
0.75526431038874176
0.06786782841730521
0.11463962930366378
0.76819427212559988
0.91503594972242475
0.57532492816739800
0.43257371655418847
0.33292570677313732
0.07014435510597611
0.52270844574515618
0.91468384985602513
0.83141350855032503
0.16081349023449421
0.78678240193137172
0.73599446266968194
0.44412630729675706
0.85043702527454412
0.83604647252057562
0.63939304471937619
0.29956910161687822
0.88838382699832363
0.95358451696173585
0.54152937129637402
0.33354941386477266
0.92154928678673687
0.98742776013253264
0.44858448436243381
0.88983523866664394
0.26346273899965822
0.40708412536549649
0.28514715704947374
0.88128920980441194
0.53016612313779032
0.87986794779052380
0.56661215537910570
0.61753737036208078
0.31115519409606385
0.96752126382824866
0.87550647239363510
0.09583321180896409
0.30796997979651353
0.07223795283972678
0.46482781398421302
0.37240224664131327
0.28270150574205466
0.08862824871179154
0.09710267266620920
0.63561840118295987
0.40083546409725990
0.06635712348469952
0.19623904178112445
0.01916702924248115
0.19105784079835697
0.74129185937021091
0.92283059576471105
0.99417882160316706
0.43316990010574080
0.16116630666704423
0.46694205700802605
0.28349561451239058
0.74831387282983053
0.28978583190400242
0.25791594952791225
0.36389820128798800
0.02765707245498478
0.64741895567548113
0.24498523115803617
0.61921418189569521
0.10211789327246312
0.35675830706699807
0.35457661059022205
0.97377868425072611
0.74734996032207524
0.32778872974456724
0.61657580599226702
0.15667384797118589
0.20005065262917443
0.77418307559583377
0.29888022152584942
0.79762086591384751
0.84825342414865623
0.33494425447903542
0.14566261595926150
0.14874629542972051
0.75813874674200277
0.25084494428101833
0.64753057459270591
0.25811935334459790
0.38216202194240301
0.19763866849118356
0.12137958918070996
0.58351635564849169
0.98843920713230626
0.98316452459281245
0.33834884839621282
0.58452343858432421
0.30340454918230481
0.85616729068065434
0.31901232492649356
0.79250457687257236
0.50155611043446058
0.36976414635986743
0.38465912428628579
0.01152031099683437
0.37652952703323295
0.15168172367347621
0.32417528446061872
0.48608093098318261
0.30339160009406702
0.14932843478126379
0.74178750417801975
0.32611058032466567
0.65333415724237898
0.87011794169475309
0.49658920435509946
0.81718825118687866
0.63636639790883442
0.65688178462430735
0.08806043519679574
0.37444577120876082
0.99810089855679340
0.45684366584622182
0.24936817739540873
0.02815858534404114
0.20146393984386579
0.02323416598734673
0.32088644925755794
0.85553227500242723
0.81543930318997826
0.02963505137063427
0.69020852743561545
0.45954431999155770
0.68092863991044628
0.98297290052986608
0.32468978951405358
0.11620339454563589
0.68693652640751857
0.42747058148364681
0.10413946395376189
0.20007257189473282
0.30810542959949416
0.62468803836713738
0.55715486437587813
0.00656251955692311
0.96314260978462607
0.21466995043709403
0.51103577581213810
0.57878577965878797
0.09390016879798113
0.37819362487158759
0.06558842480342786
0.17235853643721322
0.64290924408294070
0.52685288660310337
0.71001090843280767
0.13399788752290676
0.65943062583177892
0.88564238123243999
0.67999177040454017
0.04362162872079300
0.98031437876727823
0.01559529650025560
0.62100815858104808
0.92487420402287301
0.01255501654845892
0.85767008340169526
0.42984317739364325
0.95846439150920382
0.25394474268778178
0.60688511512964194
0.11954736687874779
0.04078205978007615
0.12551272558412657
0.74305132416782538
0.19227652361571046
0.29786101931632053
0.95832337940282109
0.75489466288097473
0.32689289277659461
0.68680398620611505
0.31391396651073356
0.83228793184130456
0.51120169550132422
0.53503936482753722
0.49934726154106868
0.75950493481177417
0.37090695874257640
0.15322813434897520
0.28100295298030670
0.57838187407986141
0.75129732313278008
0.33600541229797581
0.76206025232875330
0.89096480364717745
0.82861832021449044
0.89760075111665449
0.77317267615438734
0.41793061830957129
0.31092948968302619
0.83662998596236449
0.72352050438237647
0.62128452880125473
0.44234392829532676
0.09143680095990314
0.37447201272371705
0.61929603117317089
0.91252452493394687
0.43749290888507730
0.83103335095416753
0.91923403982846963
0.00579081973670570
0.18606614646587016
0.86905247597672486
0.04656458173980776
0.43617926419837372
0.07404099475485876
0.87054404496694127
0.71842754178691726
0.21130241662475119
0.70461878458582428
0.09135701284487452
0.89687514286000936
0.23865872961807560
0.59873180487542821
0.44785249079252798
0.73904324297551760
0.11975296833280680
0.07740403320178096
0.56629127810182123
0.81142215358685565
0.28428838018702696
0.73547050224726929
0.50318398053180990
0.21905012179400518
0.96250083591800961
0.38170782496936201
0.16832526327993580
0.47720691259921721
0.33300439035605101
0.68036014026719005
0.95910658141349248
0.29018338895874046
0.58187901212640469
0.41969433587817395
0.99936383453588751
0.35379631921579202
0.90042159326660220
0.28542775846653212
0.63654472743731505
0.74606019786564592
0.28529467378905210
0.37855711743630149
0.30456482460162704
0.06269997562920504
0.99424702533531817
0.86606516711209747
0.10570769621418497
0.22973406681652453
0.96430327644800640
0.94253051533658272
0.43099688645279632
0.46300847732487854
0.81331718851556967
0.69958767758957574
0.14425697048702868
0.64355134262755831
0.31929753432507557
0.42102318675788930
0.81253722928877536
0.80870677648793532
0.96464910421516581
0.72738950044957940
0.78336209583725624
0.07382313410128205
0.27593880058969139
0.29838220100548268
0.73546592266001398
0.79226002839030008
0.62180065539305884
0.37866885793164923
0.13533269322235281
0.95375935000278911
0.22759432222602871
0.82051499545827566
0.72902820345313868
0.21705579722463375
0.61800225327780001
0.99594929601194770
0.68922533665199182
0.57757444404368319
0.36693666364289790
0.00457192145075314
0.28755611048829727
0.29265808998074239
0.29749443401156761
0.21159727852867227
0.78546138658311548
0.02124900303733490
0.99906305917786531
0.72161282812179772
0.66796823498718250
0.30707186946608933
0.41369498577383462
0.56209644221523247
0.44064255097377814
0.90979433636550811
0.81407199595983115
0.62304705847385722
0.78007523018516101
0.17367935405777302
0.04131716219514264
0.15626426453317033
0.27526945408811981
0.40360511986676578
0.59612076116125634
0.58201335716343583
0.33985208298782482
0.87846508430273040
0.46539283864218239
0.26985378354409362
0.36859731262793272
0.99882724407488099
0.93281949500553862
0.29670198119928509
0.54735008374245098
0.36330254033168147
0.08857140714242823
0.67277232392248354
0.10828702539002999
0.54477603041099454
0.46041188216126117
0.47998263751040349
0.60402137563140157
0.45049385987303381
0.38033848255211811
0.61525059806001181
0.12779629431205752
0.00508395809354534
0.94578629373088152
0.77742665977334779
0.23159511859943638
0.63656052326344881
0.60757709562727968
0.62378792139733319
0.91335624171469143
0.47467285395843745
0.43538620828464869
0.68392692298387281
0.19898735608998935
0.80392788898539758
0.69898285910254510
0.99910049662174516
0.59085260984398114
0.14895620461143699
0.55878546811373442
0.63392561618718513
0.86959235246538924
0.09892039200860636
0.78056630168324304
0.14240529620722742
0.99229012965516883
0.30671889694237958
0.74497826080977048
0.03631779449595279
0.77817889798064299
0.36677587853160232
0.72260830884445115
0.39133559335811513
0.33608062094279212
0.41666256131179524
0.77506507605782082
0.88335524244252062
0.84528172415911884
0.02217114923717978
0.38638935440865257
0.76409045426369548
0.26896920596050677
0.27393314526129203
0.73753125393255103
0.10380117846661641
0.26646169950726456
0.81580219071003668
0.66883648155083530
0.10081108712542053
0.24671300359458231
0.46947154035500732
0.62128437710262119
0.89613358571925383
0.47018691764338505
0.37682351020281329
0.53533957401038479
0.12202853425804627
0.28010160841857346
0.34589865693126814
0.92390107878141314
0.61074986933295161
0.65173947538837940
0.25950994948152223
0.94004979379953801
0.77060995235448204
0.20982353221701638
0.73372387877927370
0.51367818771468143
0.17642907488859355
0.09342348824589042
0.55162167089345004
0.57565256605374171
0.70919442421096934
0.61066335389477067
0.25612932754891948
0.59347795213499088
0.60413411731805911
0.01527572547502065
0.07467018827779409
0.41121221888946974
0.20530786435810522
0.32058685915518798
0.34367546021155282
0.92941789394619856
0.70695968226677142
0.11257987688856608
0.45178042062106410
0.13814003315693563
0.90288444471426965
0.46447493500071130
0.03872098455117556
0.74254015843837085
0.27952725211062907
0.54207378741404533
0.14102918102453399
0.16475303573285810
0.54443672442972113
0.55849566403389894
0.66149670494795743
0.36839988049650252
0.29347609627966054
0.67757090987237578
0.49058465961612352
0.72484785065370894
0.04560989530397019
0.77858044888378963
0.26113662481399824
0.66165836638629349
0.91699739367647837
0.65440256686806242
0.68185334406629816
0.20203985668489877
0.19457563114100940
0.64597218723924188
0.39286884733703409
0.02751786821092028
0.50652853607892978
0.69628521003747124
0.20480746969875419
0.82000854084523644
0.14985664254094427
0.16202902518967277
0.87122323831634940
0.79432816759111557
0.25056764940237930
0.04808834683773744
0.83514676476067562
0.65160221059154433
0.43470775099548276
0.70734428664547222
0.98304346101034712
0.80738883441186382
0.00669865606094006
0.80802633892201636
0.94954688136023280
0.74878182612065902
0.44092754596718892
0.37945846583765097
0.10609445184141070
0.49174751374862702
0.52548713396641300
0.58850058094484536
0.74441215371414948
0.25995890949977501
0.77167420524137098
