1000
0.9444904019823863
0.5382398491980948
0.5259493359470923
0.11783345502976705
0.0152587289798648
0.5341438093959119
0.8954114963455306
0.2900188955068248
0.9897890234820177
0.33637607326914387
0.9535757296826723
0.938852001530321
0.46942859290218486
0.5015668294470126
0.11142931703923287
0.5268371913640196
0.08936402750079642
0.6807843494196671
0.7153709625010152
0.17974453801557522
0.8449109151885001
0.06909009201123184
0.4942041984032224
0.2610517356669376
0.16464855608827478
0.7393626137970759
0.728456947532422
0.07757095623303767
0.5366796554123416
0.2761211811295857
0.73835508200757
0.4644265827439894
0.09365474940038088
0.020947382218533983
0.5955464892978077
0.8660927895822584
0.22677961337072372
0.8620661607840426
0.30152967383089446
0.4180053556530786
0.8965859958650133
0.7022643795799035
0.7537281925178348
0.06804433040284819
0.6021114508797805
0.4533092609047381
0.5880027125413774
0.9818876210608125
0.7564767661048476
0.379328701760143
0.9039125279293814
0.13322512264975173
0.2201023054794049
0.6941054486235009
0.4575255005474901
0.23531632731935692
0.7526179463313957
0.6098534056063429
0.5285908791902287
0.1569424073208755
0.8600999709630919
0.8659050341954466
0.6238558841127958
0.22246748270645877
0.0993479871775762
0.7349709099716728
0.016129843373732133
0.8944327254860824
0.7647429295316776
0.4813159961128771
0.7521414865075914
0.5083108483345996
0.04440925652637662
0.7226401568945431
0.7232656384203486
0.9272940591546865
0.3539427162986747
0.4843040137399254
0.8372036446301194
0.300883941179943
0.48662375526372526
0.7736548179089696
0.7086521018860695
0.34779725088535374
0.021138767368002576
0.050740205718328935
0.11767823792473642
0.8035434597666911
0.935343899848829
0.9496379962614182
0.6838663285138175
0.7781613989233004
0.32789109077810186
0.3966907849181799
0.8122134871043833
0.8226222631574275
0.6273524581407003
0.051792468389659785
0.9841602810518179
0.07327603035365704
0.005550880157270677
0.006802138419366166
0.8885836652727087
0.2577487079272818
0.6875678836341215
0.386572308049125
0.0482538622072588
0.5671302510833661
0.5582883036363906
0.5790483860494295
0.8854979156089465
0.823741630397761
0.9220187864099109
0.7084175553432793
0.9552792897717567
0.8496427256942716
0.8104848429713706
0.3530449400234096
0.5527702484274857
0.4188703177459008
0.2806002349394169
0.6429273541370502
0.804553825355079
0.4589230259084548
0.868083803957582
0.5457355830021652
0.008354275404395595
0.4048521391324209
0.7005479122928375
0.6751135996024338
0.033055332385758085
0.9679110261312509
0.07473126120163753
0.9865775629841929
0.5525486447364413
0.757441984682318
0.5920342414995515
0.6649962644988873
0.31048428642123804
0.055338820225079965
0.5072819296153442
0.011165464809382408
0.8410644546170442
0.5281944436223784
0.2524096902850047
0.5995534818787274
0.19607483260566982
0.48492298033867576
0.882650195811761
0.9795574218111128
0.47366000835955435
0.6928169990491322
0.14857942938238844
0.9679575701189046
0.22376909132907763
0.6118896117813086
0.4391227823125903
0.737404203518987
0.372795652972434
0.90304198344111
0.018310909533480135
0.7781388531227686
0.9755042541104604
0.8481064231703457
0.9839409724475123
0.9934823541631141
0.7667174380529245
0.9129792716968131
0.25196265398344664
0.33821428730481173
0.12121285137738846
0.47744214595588574
0.5041006974311507
0.05477075701576861
0.12738177833952735
0.42001745231437804
0.9355506865649497
0.6380508829114399
0.34409544134869396
0.5544884132600798
0.7489689578305826
0.5614543105707096
0.20412565899193236
0.3513304744574216
0.8496848823522862
0.8442273894205267
0.4297837475596826
0.061048415294164604
0.4576549820928353
0.6362479564647558
0.2294708000029262
0.5032329441128665
0.40100466073846563
0.2776962280295062
0.360002610012641
0.03904807615909345
0.5864118219278583
0.2988270662703638
0.06627598447456806
0.6994276742540843
0.6093826380853722
0.38623429437137047
0.6014469657414592
0.7770339145019141
0.8442471262804536
0.02293692984854223
0.7945187838202531
0.9218282115325782
0.32448805513583723
0.78769018204019
0.37953186493127355
0.16249935440126984
0.6032389194564873
0.4430017542687257
0.09793784567036234
0.26479337080361487
0.304297536813101
0.05384303609969576
0.7283480309293974
0.6731587246598052
0.9675482056529325
0.45731918431687735
0.9213399317705072
0.4886157518397113
0.34438688314165444
0.6746626960414636
0.406695082809145
0.3362528580353117
0.495275993275371
0.08656609826712736
0.11739631828418429
0.5414898684714676
0.28624881815748093
0.027266347104213273
0.7406311750040122
0.03215732744334443
0.5939996526568961
0.34946492766402715
0.035163943605972414
0.7619536355614653
0.5116825151288856
0.7079541947466274
0.2132438789288752
0.2892038239786249
0.6580048297820498
0.5605447095989966
0.6463043847707042
0.12460808005773161
0.8114962140784879
0.215642116305246
0.28770038516554897
0.026253287638995038
0.2568682489264439
0.44905594661219894
0.19253039204297406
0.9384139741081371
0.8827567445356277
0.3093492727107784
0.07951097566974386
0.8550877826896375
0.38003349113555507
0.09837338815042196
0.8609448479381097
0.6344189380644883
0.29232336907904954
0.9990308859018961
0.27430094888998735
0.3429942705349005
0.9756975738196597
0.02272775755807277
0.2224148979362809
0.0640772593136586
0.5625783338087503
0.0533676726844049
0.10180786249167062
0.6487163070732943
0.9388573091089486
0.8586418228560292
0.45607949517596735
0.7706374159289623
0.37833183517919144
0.8714967444093612
0.12661829651565282
0.08461207556074424
0.0645716441798494
0.20869019336135075
0.988910622420869
0.31596821109307127
0.9476035990527251
0.9558637100856973
0.836604302612368
0.0825609978533749
0.05054665947272874
0.8794357472510003
0.07048565523927541
0.04894027184656524
0.05623594750651917
0.13653583726368224
0.6462958243585089
0.9229475784335083
0.3220007390979259
0.35270233662599515
0.6010723537207554
0.17602598844360207
0.7420206283421202
0.46399892310665447
0.34953844951494095
0.2824087825561765
0.19882604658250502
0.27470778651068894
0.8753672095953255
0.2643288126938437
0.552994047334847
0.8290599702564734
0.5415934074267496
0.7319948294455684
0.8266232458720997
0.9438772464275418
0.54289297537535
0.992870532541878
0.5590738224465134
0.2612495292433532
0.15935475715586622
0.32338796855047713
0.029563623336408607
0.7656422373514213
0.2662673656412995
0.9034670872574726
0.6758651947950449
0.7388087584473501
0.7929023189335485
0.7456644412783345
0.35860357333144055
0.06870771660641217
0.722984452288118
0.27000542535822936
0.4119126811512015
0.323219270972559
0.8680854547910041
0.7549450376584232
0.4369141828352445
0.5339322498408137
0.8327940359976473
0.4283428534345496
0.26660783425550294
0.03460042309071998
0.4595473490727695
0.13536955103596437
0.03984776062576689
0.14935682443516118
0.3859240405833628
0.24966380516813613
0.28563403891824124
0.0411754715282312
0.8316363952206897
0.7206587194999085
0.7094221247775374
0.41666828193365335
0.7545518072435776
0.15221002801250194
0.7473157448084533
0.5083803982465382
0.6201540782555861
0.41129068105707844
0.3838733350791401
0.6528654988105145
0.8137996040603825
0.33004810000782625
0.024145286878389016
0.8351047012942564
0.9436781344647859
0.7001292535072191
0.689029823629403
0.5473711008266056
0.12856712956267902
0.10637857356792957
0.33431572391052555
0.6741910154714983
0.08447794183477386
0.4963508898399812
0.3791732696200031
0.48398218114853586
0.20477634821019974
0.30826353576645815
0.6796349886547254
0.7183253753402598
0.07750036246482728
0.46891694757090696
0.698011294975428
0.028598477115808096
0.7074131425724489
0.04164575428787243
0.2305372773879122
0.8158530418575418
0.8120095377650695
0.8666284958796506
0.9483082040903482
0.24741588552956006
0.8629968163138821
0.9898239221509064
0.5785647341681089
0.5893255573033783
0.8475683714425972
0.21772055546041647
0.876982541215726
0.9706356759744718
0.7578454030674798
0.8325535882943217
0.22006342230127596
0.5821200582853643
0.026728072183394236
0.08312623842262856
0.5935057469421898
0.06467454811021711
0.2309457493014414
0.7078897621234957
0.43282287638732064
0.6100064165600471
0.522614438506122
0.6194947774017194
0.6166363309040079
0.8205647059879934
0.4118979049648025
0.38172243105609593
0.34502144485828734
0.8079553503325857
0.24022351190180846
0.08458259322038153
0.7841615898116631
0.9619481125767734
0.43931271593850996
0.906918404829289
0.5998961122975002
0.11794160475799731
0.8682709580931158
0.11219842630921839
0.476656132612152
0.43726418366736786
0.1927876410942465
0.9185096868479897
0.17902135901610883
0.6199376571818775
0.892988712190187
0.29508722171267876
0.7885209517733874
0.7170272095302708
0.7361855623812917
0.26846586690348917
0.4553958625638215
0.9666870423283105
0.190125523207057
0.2058481636266044
0.6551448580409339
0.9595934722466108
0.29396339401621363
0.13667083581779593
0.3397497092913785
0.24185106292725267
0.12085703944721615
0.35493170557895226
0.3667753155954857
0.1158455128372029
0.21743008866315405
0.4531076908807128
0.8906902132481272
0.9840243674135313
0.3699935877515663
0.7532432885631462
0.4142190695443445
0.19407900554912128
0.48488368131731185
0.8905485354685855
0.13354452526154204
0.8257720505670328
0.11331732372207148
0.7645370487561572
0.5770924328077586
0.8317698054096184
0.5126456702177334
0.3141027983443707
0.48450667053395047
0.8942776106388295
0.9786000030950748
0.45792230256145816
0.9694546459258675
0.46793421112259015
0.6934350600755437
0.5768083160771846
0.8154809721736003
0.25563388864582115
0.4237557333582833
0.6919778855265546
0.06666631671921985
0.03886848880483007
0.49358885222131965
0.638463890906044
0.7938724836330396
0.0646518570698873
0.3528219522034103
0.9306454366719672
0.6667050049100247
0.20312788428236583
0.47650633530073405
0.8230198768592251
0.08869808817590263
0.47731684743403757
0.24099494927011333
0.83331974424349
0.009424174819262388
0.7399004334979449
0.024207019458672097
0.9686137942856818
0.1713085891213012
0.3307143941665731
0.9966927145760535
0.6833394508076438
0.640513343523608
0.27861591498055827
0.29091418134483327
0.3720606380157999
0.7552643103902984
0.06786782841885464
0.11463962930521376
0.7681942721271546
0.9150359497239834
0.5753249281689471
0.4325737165557382
0.33292570677469335
0.07014435510753259
0.5227084457467047
0.9146838498575857
0.8314135085518845
0.16081349023604874
0.786782401932924
0.7359944626712398
0.4441263072983156
0.8504370252760536
0.8360464725221326
0.6393930447209211
0.29956910161843653
0.8883838269998852
0.9535845169632584
0.5415293712979189
0.3335494138663313
0.9215492867882933
0.9874277601340887
0.44858448436398823
0.8898352386682064
0.2634627390012104
0.40708412536705074
0.28514715705103144
0.8812892098059681
0.5301661231393424
0.8798679477920814
0.5666121553806591
0.6175373703636347
0.3111551940976198
0.967521263829809
0.8755064723951927
0.09583321181051718
0.3079699797980634
0.0722379528412892
0.4648278139857701
0.37240224664287036
0.28270150574358943
0.08862824871334807
0.09710267266776884
0.6356184011845155
0.40083546409881865
0.06635712348625422
0.19623904178267693
0.01916702924404079
0.1910578407999094
0.741291859371771
0.922830595766272
0.994178821604721
0.4331699001072902
0.16116630666860154
0.4669420570095838
0.283495614513942
0.7483138728313761
0.28978583190556517
0.2579159495294654
0.36389820128954653
0.027657072456539034
0.6474189556770411
0.24498523115959503
0.6192141818972581
0.10211789327401954
0.3567583070685053
0.3545766105917795
0.9737786842522808
0.7473499603236378
0.3277887297461216
0.6165758059937702
0.1566738479727362
0.20005065263072852
0.7741830755973548
0.2988802215274112
0.797620865915408
0.8482534241502155
0.3349442544805947
0.14566261596081587
0.14874629543127948
0.7581387467435571
0.25084494428256976
0.6475305745942601
0.25811935334613445
0.3821620219439569
0.19763866849272949
0.12137958918226532
0.5835163556500473
0.9884392071338608
0.9831645245943698
0.3383488483977669
0.5845234385858831
0.30340454918386184
0.8561672906822146
0.3190123249280463
0.7925045768741243
0.5015561104360223
0.36976414636142296
0.3846591242878399
0.01152031099838946
0.3765295270347848
0.1516817236750314
0.3241752844621697
0.48608093098474137
0.30339160009562616
0.14932843478278535
0.741787504179578
0.3261105803262213
0.6533341572439293
0.8701179416963103
0.49658920435665677
0.8171882511883809
0.6363663979103822
0.6568817846258561
0.08806043519834528
0.37444577121031464
0.9981008985583462
0.4568436658477766
0.24936817739696526
0.02815858534559834
0.20146393984542177
0.023234165988903266
0.320886449259113
0.8555322750039808
0.8154393031914914
0.029635051372190913
0.6902085274371663
0.45954431999310874
0.6809286399120004
0.9829729005314252
0.32468978951560357
0.11620339454719142
0.6869365264090763
0.427470581485202
0.1041394639553127
0.2000725718962887
0.3081054296010538
0.6246880383686884
0.5571548643774394
0.0065625195584709806
0.9631426097861757
0.21466995043864878
0.511035775813695
0.5787857796603391
0.09390016879953977
0.37819362487314545
0.06558842480497207
0.17235853643876553
0.6429092440844981
0.5268528866046603
0.7100109084343583
0.13399788752446107
0.6594306258333378
0.8856423812339989
0.6799917704060932
0.043621628722348316
0.9803143787688369
0.01559529650180913
0.6210081585826037
0.9248742040244249
0.012555016550017006
0.8576700834032568
0.4298431773951966
0.9584643915107564
0.25394474268932743
0.6068851151311988
0.11954736688030576
0.04078205978162808
0.12551272558567628
0.7430513241693834
0.1922765236172721
0.2978610193178697
0.9583233794043642
0.7548946628825266
0.32689289277815226
0.6868039862076674
0.31391396651228043
0.8322879318428502
0.511201695502876
0.5350393648290924
0.4993472615426219
0.7595049348132916
0.3709069587441368
0.15322813435053617
0.28100295298186784
0.5783818740814216
0.7512973231343412
0.33600541229952996
0.762060252330305
0.890964803648735
0.8286183202160475
0.8976007511182147
0.7731726761559463
0.41793061831112466
0.3109294896845869
0.8366299859639215
0.7235205043839321
0.6212845288028144
0.44234392829684943
0.09143680096146223
0.37447201272527353
0.619296031174727
0.9125245249354709
0.43749290888663084
0.8310333509557323
0.9192340398300247
0.005790819738266784
0.18606614646742636
0.8690524759782218
0.046564581741360134
0.436179264199938
0.07404099475641479
0.8705440449685002
0.7184275417884737
0.21130241662630855
0.7046187845873806
0.09135701284642839
0.896875142861562
0.238658729619582
0.5987318048769845
0.44785249079409006
0.7390432429770799
0.11975296833435933
0.077404033203341
0.5662912781033749
0.8114221535884122
0.2842883801885828
0.7354705022488257
0.5031839805333636
0.21905012179556071
0.9625008359195399
0.3817078249709229
0.16832526328149444
0.4772069126007781
0.33300439035754725
0.6803601402687499
0.9591065814150456
0.2901833889602964
0.5818790121279522
0.4196943358797276
0.9993638345374479
0.3537963192173583
0.9004215932681573
0.28542775846809276
0.6365447274388745
0.7460601978671789
0.2852946737906076
0.37855711743785025
0.30456482460318046
0.06269997563076302
0.9942470253368482
0.8660651671136526
0.10570769621573872
0.22973406681808428
0.9643032764495632
0.942530515338137
0.4309968864543513
0.46300847732643435
0.8133171885171233
0.699587677591137
0.14425697048857145
0.6435513426291081
0.3192975343266381
0.42102318675944395
0.8125372292903288
0.8087067764894941
0.9646491042167183
0.7273895004511423
0.7833620958388083
0.07382313410284058
0.27593880059125075
0.2983822010070387
0.7354659226615669
0.7922600283918604
0.6218006553946088
0.37866885793320526
0.1353326932239065
0.9537593500043402
0.22759432222758857
0.8205149954598331
0.7290282034546998
0.2170557972261945
0.6180022532793559
0.9959492960135069
0.6892253366535466
0.57757444404524
0.3669366636444561
0.004571921452308891
0.28755611048985885
0.2926580899822979
0.29749443401312947
0.21159727853023658
0.7854613865846745
0.02124900303889543
0.999063059179423
0.7216128281233553
0.6679682349887279
0.3070718694676452
0.4136949857753719
0.5620964422167901
0.4406425509753187
0.9097943363670647
0.8140719959613871
0.6230470584754136
0.7800752301867228
0.173679354059327
0.041317162196702895
0.15626426453472797
0.27526945408962744
0.40360511986831915
0.5961207611628105
0.5820133571649954
0.3398520829893762
0.878465084304291
0.4653928386437418
0.26985378354565437
0.36859731262949547
0.9988272440764437
0.9328194950070979
0.2967019812008429
0.5473500837440097
0.3633025403332344
0.08857140714398382
0.6727723239240354
0.10828702539159041
0.5447760304125471
0.46041188216277606
0.4799826375119547
0.6040213756329097
0.45049385987459
0.3803384825536652
0.6152505980615671
0.12779629431361184
0.005083958095096985
0.9457862937324275
0.777426659774905
0.2315951186009927
0.636560523265007
0.6075770956288357
0.623787921398884
0.9133562417162473
0.4746728539599969
0.4353862082862028
0.6839269229854288
0.19898735609149543
0.8039278889869576
0.6989828591040997
0.9991004966233088
0.5908526098455338
0.14895620461298975
0.558785468115294
0.6339256161887402
0.8695923524669489
0.09892039201011738
0.7805663016847748
0.14240529620878895
0.9922901296566731
0.3067188969439367
0.7449782608113182
0.036317794497506606
0.7781788979821923
0.3667758785331615
0.722608308846001
0.3913355933596745
0.3360806209443523
0.41666256131335266
0.7750650760593769
0.8833552424440746
0.8452817241606743
0.022171149238727983
0.3863893544102006
0.764090454265245
0.26896920596206053
0.2739331452628504
0.7375312539341097
0.10380117846817527
0.2664616995088217
0.8158021907115998
0.6688364815523942
0.10081108712698017
0.2467130035961379
0.4694715403565627
0.6212843771041814
0.8961335857208093
0.47018691764492127
0.3768235102043711
0.5353395740119383
0.12202853425959925
0.280101608420118
0.3458986569328232
0.9239010787829496
0.6107498693345086
0.6517394753898875
0.2595099494830717
0.9400497938011014
0.7706099523560337
0.209823532218526
0.7337238787808281
0.5136781877162419
0.17642907489015092
0.09342348824744162
0.551621670895005
0.5756525660553026
0.7091944242125278
0.6106633538963293
0.2561293275504739
0.5934779521365472
0.6041341173196147
0.015275725476575186
0.0746701882793468
0.4112122188910181
0.20530786435966486
0.3205868591567175
0.34367546021310935
0.929417893947757
0.7069596822683338
0.11257987689012283
0.45178042062262147
0.13814003315849133
0.9028844447158253
0.46447493500223214
0.03872098455273054
0.7425401584399256
0.27952725211218066
0.5420737874156004
0.14102918102602624
0.1647530357344167
0.5444367244312494
0.5584956640354601
0.6614967049495147
0.3683998804980573
0.2934760962812186
0.6775709098739373
0.49058465961767794
0.7248478506552102
0.04560989530552417
0.7785804488853482
0.2611366248155568
0.6616583663878493
0.9169973936780361
0.6544025668696213
0.6818533440678554
0.2020398566864542
0.1945756311425697
0.6459721872407941
0.39286884733858407
0.027517868212473484
0.5065285360804856
0.6962852100390222
0.20480746970031039
0.820008540846791
0.1498566425424941
0.16202902519122475
0.8712232383179042
0.7943281675926732
0.25056764940392895
0.04808834683929708
0.8351467647622275
0.6516022105930996
0.43470775099700476
0.7073442866470345
0.9830434610119061
0.8073888344134218
0.006698656062494757
0.8080263389235766
0.9495468813617847
0.7487818261222176
0.44092754596874606
0.37945846583921194
0.10609445184296173
0.4917475137501799
0.5254871339679553
0.5885005809464079
0.7444121537157087
0.2599589095013288
0.7716742052429232
